## x y z kappa delta0
0.8569 0.3619 0.5262 1.8800 0.1500
0.9304 0.5770 1.0704 1.8800 0.1500
1.2244 0.5586 1.8795 1.8800 0.1500
1.4141 0.5217 2.4097 1.8800 0.1500
1.5902 0.4759 2.9109 1.8800 0.1500
1.7601 0.4237 3.4032 1.8800 0.1500
1.9226 0.2587 4.1777 1.8800 0.1500
2.0502 0.0364 4.9753 1.8800 0.1500
2.1293 -0.1040 5.4715 1.8800 0.1500
2.2128 -0.2861 6.0749 1.8800 0.1500
2.3119 -0.4811 6.6860 1.8800 0.1500
2.3714 -0.6990 7.3690 1.8800 0.1500
2.4592 -0.9287 8.1056 1.8800 0.1500
2.5042 -1.1172 8.7337 1.8800 0.1500
2.5983 -1.3034 9.3994 1.8800 0.1500
2.8773 -1.5482 10.3080 1.8800 0.1500
3.3263 -1.7938 11.1017 1.8800 0.1500
3.6342 -1.9506 11.6941 1.8800 0.1500
3.9969 -2.1148 12.4226 1.8800 0.1500
