## x_1 y_1 z_1 l_0 d_1 ... x_N y_N z_N l_{N-1} d_N
0.8623 0.4971 0.3376 0.2300 0.0450 0.6646 0.4594 0.2261 0.2300 0.0450 0.4795 0.4987 0.0955 0.2300 0.0450 0.2943 0.5381 -0.0352 0.2300 0.0450 
0.8621 0.5360 0.8253 0.2300 0.0450 0.8681 0.4145 0.6300 0.2300 0.0450 0.6645 0.4080 0.5231 0.2300 0.0450 0.5487 0.3707 0.3279 0.2300 0.0450 
1.1362 0.5752 1.6427 0.2300 0.0450 1.0594 0.5780 1.4260 0.2300 0.0450 0.9836 0.5714 1.2089 0.2300 0.0450 0.9174 0.5415 0.9907 0.2300 0.0450 
1.3282 0.5408 2.1758 0.2300 0.0450 1.2503 0.5568 1.9600 0.2300 0.0450 1.1727 0.5675 1.7438 0.2300 0.0450 1.0958 0.5708 1.5270 0.2300 0.0450 
1.5073 0.4955 2.6701 0.2300 0.0450 1.4293 0.5158 2.4547 0.2300 0.0450 1.3511 0.5348 2.2392 0.2300 0.0450 1.2732 0.5503 2.0234 0.2300 0.0450 
1.6834 0.4515 3.1672 0.2300 0.0450 1.6067 0.4695 2.9511 0.2300 0.0450 1.5288 0.4892 2.7356 0.2300 0.0450 1.4507 0.5094 2.5202 0.2300 0.0450 
1.8786 0.3188 3.9357 0.2300 0.0450 1.8328 0.3668 3.7155 0.2300 0.0450 1.7751 0.4025 3.4957 0.2300 0.0450 1.7043 0.4249 3.2780 0.2300 0.0450 
2.0138 0.1071 4.7308 0.2300 0.0450 1.9776 0.1674 4.5118 0.2300 0.0450 1.9404 0.2258 4.2925 0.2300 0.0450 1.9012 0.2812 4.0727 0.2300 0.0450 
2.0919 -0.0361 5.2326 0.2300 0.0450 2.0583 0.0267 5.0139 0.2300 0.0450 2.0231 0.0883 4.7951 0.2300 0.0450 1.9868 0.1484 4.5761 0.2300 0.0450 
2.1785 -0.2143 5.8402 0.2300 0.0450 2.1481 -0.1499 5.6215 0.2300 0.0450 2.1167 -0.0862 5.4027 0.2300 0.0450 2.0836 -0.0232 5.1840 0.2300 0.0450 
2.2755 -0.4026 6.4431 0.2300 0.0450 2.2386 -0.3337 6.2268 0.2300 0.0450 2.2047 -0.2670 6.0093 0.2300 0.0450 2.1739 -0.2023 5.7908 0.2300 0.0450 
2.3514 -0.6224 7.1265 0.2300 0.0450 2.3334 -0.5525 6.9081 0.2300 0.0450 2.3067 -0.4822 6.6907 0.2300 0.0450 2.2713 -0.4124 6.4745 0.2300 0.0450 
2.4310 -0.8537 7.8657 0.2300 0.0450 2.4035 -0.7860 7.6477 0.2300 0.0450 2.3804 -0.7176 7.4293 0.2300 0.0450 2.3632 -0.6482 7.2107 0.2300 0.0450 
2.4877 -1.0447 8.4852 0.2300 0.0450 2.4714 -0.9771 8.2659 0.2300 0.0450 2.4484 -0.9094 8.0473 0.2300 0.0450 2.4209 -0.8418 7.8292 0.2300 0.0450 
2.5551 -1.2356 9.1523 0.2300 0.0450 2.5289 -1.1745 8.9321 0.2300 0.0450 2.5106 -1.1102 8.7120 0.2300 0.0450 2.4954 -1.0433 8.4925 0.2300 0.0450 
2.7848 -1.4836 10.0776 0.2300 0.0450 2.7171 -1.4262 9.8654 0.2300 0.0450 2.6631 -1.3690 9.6493 0.2300 0.0450 2.6212 -1.3111 9.4306 0.2300 0.0450 
3.1983 -1.7284 10.8899 0.2300 0.0450 3.0862 -1.6684 10.6983 0.2300 0.0450 2.9825 -1.6082 10.5020 0.2300 0.0450 2.8930 -1.5492 10.2985 0.2300 0.0450 
3.5319 -1.8974 11.4754 0.2300 0.0450 3.4240 -1.8431 11.2797 0.2300 0.0450 3.3101 -1.7856 11.0883 0.2300 0.0450 3.1959 -1.7262 10.8977 0.2300 0.0450 
3.8560 -2.0613 12.2125 0.2300 0.0450 3.7673 -2.0179 12.0048 0.2300 0.0450 3.6849 -1.9735 11.7947 0.2300 0.0450 3.5884 -1.9237 11.5920 0.2300 0.0450 
